-72.86226989000	-13.61771603000
-77.14445789000	-10.30785179000
-74.54333903000	-15.21952391000
-77.36034026000	-10.60756903000
-71.82824927000	-13.94356291000
-73.86121500000	-13.81667333300
-70.11470846300	-15.21953195900
-71.73802863600	-15.66222712800
-77.88594364000	-8.52845869000
-77.56565702000	-8.33236891000
-75.28105515000	-12.78668691000
-77.40108940000	-9.07439927000
-74.08931726700	-13.24909342800
-75.54213515000	-11.73909503000
-71.67612998200	-13.91771998200
-77.61038741000	-9.30524453000
-71.49370551000	-14.04265653000
-69.69998051000	-15.90779416000
-74.81048273000	-12.53162314000
-71.72376252000	-13.92058053000
-74.07898202000	-13.06430604000
-75.04310000000	-12.36320000000
-74.91534613000	-12.45209542000
-76.98609453000	-9.22146615000
-78.50270000000	-7.93080000000
-76.71040802000	-6.72389415000
-80.24008465000	-3.52728902000
-75.37131364000	-12.06749541000
-74.93105462000	-12.53367243000
-77.59830640000	-9.77492415000
-70.21821166700	-14.08032000000
-76.27076364000	-6.66083790000
-72.78185665000	-15.14672978000
-74.23927000000	-13.65686000000
-74.96300457000	-8.80218301000
-77.41599390000	-8.52395577000
-75.67720614000	-12.31717054000
-75.98427177000	-12.63389917000
-76.74861327000	-6.29497652000
-76.10811953000	-8.29245589000
-70.26640240000	-17.96476367000
-69.48635813000	-13.90326117000
-76.08801992000	-13.43284460000
-73.70268164000	-3.82029288000
-71.20210166700	-14.67274000000
-76.90582814000	-6.61282615000
-71.50563281000	-16.37165569000
-74.32741149000	-6.62225662000
-69.68422333300	-15.76463333300
-76.15897552000	-9.91889028000
-77.64436052000	-9.22868465000
-77.09031998700	-10.73354997800
-76.15803500000	-10.14681666700
-81.01341727000	-4.84520214000
-69.41362358100	-14.74298747300
-68.83408333300	-16.32604666700
-72.30012998200	-13.46571998100
-73.80166040000	-13.03244703000
-74.72882165000	-12.91204829000
-73.84002415000	-13.06589890000
-73.66893166700	-13.60299666700
-77.17084665000	-11.77545549000
-78.80997352000	-6.65206952000
-72.37559101000	-15.49165979000
-73.38186595000	-13.66432109000
-71.73120701000	-13.72087541000
-76.92209178000	-10.76889341000
-74.80260652000	-11.65833553000
-73.33968865000	-13.55718828000
-72.84068500000	-15.76504500000
-74.63085940000	-12.34064693000
-76.45646290000	-4.09904990000
-74.19284179400	-13.16997773300
-78.05015365000	-8.10348828000
-78.56327884000	-6.33997059000
-76.94574790000	-9.25163803000
-77.63195400000	-9.35447100000
-72.78133927000	-14.44472090000
-70.37631166700	-14.46261833300
-76.52405303000	-12.06685592000
-77.55843998700	-10.22070997800
-76.65386666700	-9.77491000000
-75.29788998500	-11.73852998000
-72.49344665000	-16.08733654000
-73.99982928000	-14.15308841000
-77.11611815000	-9.91655952000
-76.70374333300	-11.63252500000
-78.51179147000	-5.39164889000
-76.73603963000	-9.18498606000
-70.09671743100	-15.07515296100
-81.03030553000	-4.89093628000
-71.53883084000	-16.41967336000
-75.44359998500	-13.03112998100
-75.04614101000	-12.78710290000
-79.10879065000	-7.71129164000
-76.59746663000	-12.76227166000
-70.43154228900	-14.77774781600
-73.89767553000	-14.04345978000
-78.50064424000	-7.33822929000
-77.75776053000	-9.31183702000
-75.43367014000	-11.80565704000
-76.67476166700	-11.23560500000
-76.83672666700	-11.34463333300
-76.91393418000	-12.02770028000
-73.47035666700	-16.27716833300
-74.31018333400	-15.76643166700
-70.21390872000	-15.67694236000
-77.13349152000	-11.48894240000
-74.13274666700	-14.19720166700
-75.54948666700	-13.02777666700
-77.43094490000	-5.89068527000
-79.54848853000	-4.77446427000
-74.22985158000	-13.14096683000
-74.28450828000	-12.63041524000
-70.31016577000	-13.91653329000
-75.40359014000	-13.71702815000
-76.10443689000	-12.38383816000
-73.79561000000	-12.63415000000
-72.29505989000	-15.66002830000
-70.16177066800	-14.85653078400
-78.49936328000	-5.51869177000
-78.56473027000	-5.77535464000
-76.42779752000	-7.08692027000
-76.38972878000	-5.77578753000
-77.92122666700	-6.88845166700
-77.73467351000	-7.44412665000
-78.09813553000	-8.66041865000
-76.73702303900	-10.16456619300
-76.58064000000	-4.87161000000
-77.01791601000	-12.15033432000
-76.06830376000	-6.28993427000
-73.15284960000	-3.77008536000
-74.67331052000	-15.49061380000
-78.76590496000	-5.38701935000
-80.75244515000	-5.42954603000
-80.72553016000	-5.44127264000
-77.72020833300	-7.16816166700
-78.03829540000	-8.33313390000
-77.05942222000	-12.06675373000
-78.20647344000	-9.43223382000
-79.96754358000	-5.26713272000
-77.38655941000	-8.17528927000
-74.14069602000	-14.44505879000
-71.99508998100	-15.79630998300
-70.36281166700	-15.58978000000
-70.54352166700	-15.96131666700
-76.44793716000	-6.48061715000
-78.12489333300	-9.01461666700
-78.19157015000	-7.71057340000
-78.15421926000	-8.10342390000
-72.05390666700	-13.49033166700
-75.79883977000	-12.83603842000
-76.61774833300	-9.88035833300
-73.34363666700	-15.43529833300
-76.76080220200	-5.15568511400
-71.72005998200	-13.53894998100
-70.32127000000	-17.14098666700
-74.45621353000	-12.89021854000
-78.06767833000	-7.60782217000
-77.43461166700	-10.15605500000
-78.61106364100	-7.09203885300
-77.21364998600	-10.34288997800
-78.37810952000	-5.68858714000
-76.95317333300	-10.46272833300
-77.15210927000	-9.35092691000
-78.38480666700	-8.10327333300
-70.18648166700	-17.93366000000
-76.42865089000	-12.44916216000
-70.20738313000	-15.29831416000
-72.00530993000	-13.30817153000
-77.62834015000	-11.09185878000
-76.62894000000	-11.84540333300
-71.16793126000	-15.49182341000
-74.62301426000	-12.86686616000
-77.13933465000	-12.06610494000
-78.89234345000	-6.19080329000
-74.42222001000	-8.10000002000
-78.91437002000	-6.92157140000
-77.13375278000	-6.04159864000
-72.72118864000	-16.61860703000
-70.68473200000	-13.61958500000
-70.43636000000	-17.23923833300
-70.09845166700	-15.25780500000
-76.66185367000	-7.64854870000
-78.34536139000	-6.22588014000
-74.80668918000	-8.52126082000
-74.01292998300	-13.93700998100
-74.01242508300	-12.32957908300
-77.11936166700	-8.88458166700
-79.61857396000	-5.26328176000
-75.71860000000	-11.80510000000
-70.40957000000	-16.87320833300
-74.10147253000	-13.55727229000
-77.17250998600	-10.33514997800
-80.86042118000	-4.18685945000
-76.61328333300	-11.45177166700
-79.18687188000	-6.03501301000
-69.82162000000	-15.63737000000
-72.02961765000	-14.00772878000
-73.33461264000	-14.07628565000
-69.72942500000	-17.29052000000
-74.15783618000	-5.40483938000
-75.54828800000	-13.29041200000
-78.52495114000	-8.10582727000
-77.02775126000	-11.88618462000
-70.06921166700	-15.46250166700
-76.31077998600	-11.56898998000
-75.84927565000	-12.37634640000
-74.30615052000	-13.88289629000
-73.33711390000	-15.73211280000
-73.09942514000	-14.44444091000
-77.79442061000	-9.07560465000
-75.20516998400	-12.36258998100
-75.98668700000	-10.85436800000
-73.80965000000	-13.72865666700
-77.24397500000	-10.50291833300
-77.70263928000	-9.34538816000
-74.21781639900	-13.19232050400
-77.08767706000	-12.04209570000
-73.96665977000	-14.35398928000
-70.29717998000	-16.67995998400
-79.24808958700	-7.64284331400
-77.39449927000	-8.82094490000
-77.90839140000	-9.42918665000
-78.84362178000	-7.47645890000
-77.64579315000	-8.60694202000
-80.82944190000	-4.16388952000
-78.20055890000	-9.56277378000
-76.37762689000	-6.93973628000
-80.59868903000	-5.21214127000
-76.03278306000	-9.22612196000
-75.34183257000	-13.14866447000
-77.29064800000	-9.90846800000
-80.12537389000	-5.51277989000
-79.08565894000	-6.81301594000
-75.89700952000	-12.78879615000
-78.80356293000	-6.83304401000
-76.97416557000	-10.86877033000
-79.56795277000	-6.90218921000
-74.00224728000	-13.79107091000
-71.99052696600	-14.66311762200
-71.78014998100	-14.94888998300
-71.55053740000	-16.33933237000
-76.33218666700	-10.23033333300
-76.28903915000	-6.27478052000
-72.03510333300	-13.90692666700
-71.34119151000	-13.61693416000
-71.57562856000	-13.61744722000
-74.77286078000	-12.88939041000
-72.04598764000	-13.55805291000
-78.17932228000	-6.79493165000
-76.43298615000	-13.03172965000
-71.56920132000	-16.34035048000
-74.17539759000	-12.78688157000
-76.62395703000	-9.90834252000
-75.76771000000	-11.72605333300
-75.25693290000	-12.44200754000
-77.36443095900	-9.17418581400
-76.43653263000	-10.42094440000
-77.04875078000	-9.07769253000
-77.87912002000	-6.22172689000
-72.00412077000	-15.14083004000
-76.74887153000	-11.97530427000
-73.02580751000	-13.93963729000
-78.43794816000	-6.47872865000
-75.80365065000	-9.89552865000
-74.16584803000	-15.68949579000
-79.75082198000	-5.05533515000
-78.46589243800	-6.50498731600
-73.78921327000	-13.85370567000
-73.29442377000	-14.28067365000
-71.76344822000	-13.25907843000
-72.27751339000	-14.21582928000
-71.78106540000	-14.25761278000
-75.37478904000	-12.03068045000
-78.07976517000	-7.42190813000
-78.85422166700	-6.58892333300
-75.24130808100	-10.95042651400
-75.33723833300	-14.74529833300
-78.52280644000	-8.74608688000
-73.92672166600	-15.77134333300
-73.11459000000	-13.99662800000
-71.49334363000	-16.46555903000
-78.46052000000	-7.84856500000
-73.03716666700	-15.21568333300
-76.24802491000	-10.68673593000
-75.94190088000	-13.02577930000
-77.13620976000	-9.77355640000
-76.75409998600	-9.37861997800
-76.56280040000	-9.87436803000
-73.87519333300	-14.79389000000
-76.09116833300	-6.64882666700
-70.98808715000	-13.91834852000
-71.42692000000	-14.58285333300
-76.79319915000	-10.92485178000
-79.38449300100	-7.29586733100
-78.69113998800	-7.13629997600
-77.69442140000	-6.28950814000
-73.65444504000	-13.90326793000
-79.09948826000	-7.93766965000
-75.28913765000	-12.27454691000
-73.08819000000	-15.58595333300
-76.24468333300	-11.74301166700
-79.81502510000	-6.82492566000
-71.39251936300	-16.42818883600
-78.73356565000	-6.42982790000
-76.72354065000	-12.53083078000
-73.82349166700	-13.19136000000
-72.40144833300	-15.35659666700
-73.74565577000	-13.88126428000
-78.79737000000	-7.28127500000
-77.74842500000	-6.05708000000
-77.54990678000	-8.10497627000
-78.47073514000	-6.28943964000
-78.50385107000	-8.97228369000
-76.12770119000	-13.42875633000
-76.13905783000	-13.52493980000
-76.04969901000	-9.80780690000
-72.23720998200	-13.65614998100
-72.04779147900	-13.39409844600
-73.76263333300	-13.51289333300
-74.59078078000	-12.53539304000
-74.27586890000	-13.05987629000
-77.59728465600	-8.33880127900
-77.02885260000	-9.16794601000
-73.75480665000	-14.36170192000
-75.88132666700	-6.43353166700
-77.18450166700	-10.12331333400
-77.36978790000	-6.47839515000
-78.82206890000	-5.43645777000
-77.79183500000	-5.89777333300
-71.55553462100	-15.65067467200
-79.65438801000	-6.15592615000
-71.94748333300	-15.17598500000
-79.19937028000	-7.81085690000
-75.86658577000	-12.89071279000
-70.49791998000	-16.38294998400
-76.51435759000	-8.53512203400
-75.47552565000	-12.67287841000
-75.31247333300	-12.22990000000
-79.38035374000	-6.59796748000
-75.42228202200	-10.63451973000
-79.07739079000	-5.66227105000
-76.58593303000	-9.90929989000
-78.38721853000	-6.29435102000
-78.85980727000	-6.00919802000
-77.00705451000	-12.21518053000
-78.67856235000	-6.59911920000
-69.88927833300	-15.89930666700
-77.73068327000	-7.94022765000
-78.67314527000	-6.70751864000
-80.20098216000	-5.22735678000
-73.72801833300	-15.06911833300
-78.20786428000	-6.58257790000
-73.47921166700	-13.11331666700
-69.93714666700	-15.13304000000
-75.28720466000	-12.06886508000
-75.54730440000	-12.96938365000
-75.24429940000	-12.17329191000
-77.94156333400	-6.90545166600
-72.78675001000	-14.20394666000
-76.69116690000	-9.64104840000
-74.37610540000	-12.67292066000
-76.08530526000	-9.86609973000
-77.93576090000	-6.01416953000
-74.40138452000	-13.55566779000
-76.82092651000	-12.13848440000
-72.87046956000	-13.91731842000
-70.23120309000	-17.98532151000
-71.05648500000	-16.48855833300
-69.89233014000	-13.91644092000
-69.97584500000	-15.56546833300
-76.49922365000	-12.76285366000
-78.04604614000	-6.60363664000
-71.70196500000	-17.03343333300
-75.34508143000	-13.21717290000
-76.84613465000	-9.07558290000
-77.65788833300	-6.42518166700
-77.09572166700	-10.95358333300
-77.66125590000	-9.99913853000
-73.74000989000	-13.61762741000
-77.40378666700	-10.60462333300
-77.63968753000	-7.93514839000
-75.53391033400	-9.86991731700
-78.61513939000	-9.02291394000
-69.42825477000	-14.86616917000
-81.05720452000	-5.00745414000
-78.90758364000	-6.04082740000
-73.99850238000	-13.73773328000
-77.81430990000	-9.56329903000
-77.94058541000	-6.28861340000
-71.90425998100	-13.86046998100
-75.91949665000	-12.63389303000
-76.48197166700	-10.17161333300
-72.07380589000	-14.25753617000
-71.77829748000	-13.27365553000
-77.49132500000	-10.30080500000
-73.27174834000	-15.17894843000
-78.34088927000	-9.62821364000
-77.04275517000	-11.89764254000
-71.37256702000	-14.07708216000
-75.02647477000	-12.53122978000
-73.86329666700	-13.58267333300
-76.22560900000	-10.02651200000
-78.54016769000	-6.49239479000
-77.81905165000	-8.24785877000
-78.07522230300	-7.56943198600
-77.64407815000	-7.60684764000
-71.03409166700	-15.36305666700
-69.62833802000	-16.63229354000
-74.50629527000	-12.96877228000
-77.45653833300	-10.33799833300
-78.15212953000	-6.18968978000
-69.43410000000	-15.46400000000
-75.21075043000	-9.90109912000
-75.45488946000	-7.92316161000
-78.71293500000	-7.32316666700
-77.09136676000	-10.42381659000
-78.41052463000	-5.69177454000
-69.02737526000	-16.39016303000
-71.66113166700	-14.76063500000
-73.75897900000	-14.83260700000
-70.72967665000	-13.88043378000
-73.24511833300	-15.27838500000
-75.18765414000	-14.04332141000
-77.77067451000	-9.88661915000
-73.03088469000	-14.83864253000
-70.22822550400	-18.07553760300
-77.95770040000	-8.52724089000
-77.81142333300	-5.84873500000
-80.46716753000	-3.62389565000
-78.36466715000	-6.49484103000
-74.63315706000	-12.55421857000
-78.55377727000	-7.47709640000
-72.31392000000	-13.76261666700
-72.91087101000	-15.21288254000
-77.55025353000	-9.91821265000
-73.46662500000	-14.82317000000
-74.64204166700	-11.34922666700
-71.93210307000	-13.40258995000
-72.42307302000	-13.88044828000
-80.60299178000	-5.56659903000
-69.85220100000	-14.26814300000
-70.67855952000	-16.74956141000
-75.05082166700	-12.43075333300
-77.96593333300	-5.93235500000
-78.54779053000	-6.15599852000
-78.18730277000	-9.91886877000
-75.14802415000	-12.27496817000
-78.60731566000	-6.01843490000
-76.41849290000	-6.60636090000
-70.83827500000	-14.95480833300
-79.01328953000	-7.29994102000
-80.61220295000	-5.39985122000
-72.74160871000	-13.55688326000
-72.57856666700	-14.07783333300
-77.93491890000	-7.84442514000
-70.31724700000	-17.35840200000
-75.73299000000	-11.74628000000
-75.41189065000	-8.58038865000
-72.68311814000	-13.97224541000
-77.77213622000	-8.53930779000
-71.96265169000	-13.51704102000
-71.43418002000	-13.88034154000
-78.94680203000	-6.28981340000
-69.19767833300	-16.27761166700
-69.59908089000	-14.45190954000
-75.85608998500	-9.23279997700
-74.84813202000	-12.37677278000
-71.84838000000	-17.11453666700
-69.05165391000	-16.57329782000
-73.04281998200	-12.68684998000
-78.17415603000	-7.44222589000
-76.99482313000	-12.02834309000
-71.27336270500	-17.62179792100
-80.99262378000	-4.33569465000
-76.08299226000	-13.48230214000
-79.43678278000	-5.15791027000
-78.29275126000	-3.81718290000
-76.77674740000	-7.00211340000
-75.08839166700	-14.65067333300
-75.39990664000	-11.82613265000
-78.58077876000	-5.64329814000
-73.05756963000	-14.20382404000
-78.48117315000	-5.60118540000
-79.00405153000	-8.08338428000
-79.01456853000	-7.11420253000
-80.58287502000	-5.43710352000
-75.20981267000	-12.05133309000
-77.24374267000	-8.90226108000
-77.27115302000	-6.08671753000
-74.57658946000	-6.51356747000
-78.27735576000	-7.07624079000
-71.41938998000	-14.79449374000
-70.02425700000	-17.54542700000
-70.07616300000	-17.55327200000
-79.87084440000	-6.92010340000
-79.86046002000	-6.92193664000
-73.16366064500	-3.85697545200
-79.78971615000	-6.60712678000
-77.31183128000	-8.74033728000
-71.17072482000	-12.55108831000
-79.02775102000	-8.08589502000
-77.98383500000	-5.83986666700
-79.88815817000	-4.96334501000
-72.52414315000	-13.90589589000
-77.09790513000	-10.60416870000
-76.39734041000	-10.51120939000
-77.62824628000	-6.10666465000
-78.14005184000	-7.21158494000
-76.15577877000	-13.21357591000
-79.43879852000	-7.29552452000
-78.63037215000	-8.96133390000
-78.90228765000	-7.33191890000
-77.09153940000	-6.08028377000
-72.27092401000	-14.36384179000
-75.89122249000	-9.16536172000
-70.28764998000	-17.49036998500
-75.28217833300	-11.85486666700
-75.75936665000	-12.83152216000
-74.53268313000	-8.75937914000
-78.93489216000	-5.60073745000
-76.94394403000	-9.31319265000
-73.82915824000	-14.25899436000
-76.30393666700	-10.21537666700
-78.00997977000	-8.31464727000
-76.96557028000	-9.01496552000
-73.72803333300	-13.34393833300
-76.78900201000	-9.17784952000
-75.32167166700	-12.01794166700
-77.07797690000	-9.38362252000
-77.59850923000	-11.15531321700
-74.94708450000	-13.03172253000
-75.84714000000	-10.46097166700
-75.54636500000	-13.21624500000
-74.94894011000	-14.20393954000
-76.58769878000	-11.69821290000
-77.70530565000	-9.79173478000
-77.23128028000	-8.73991415000
-75.21286777000	-12.16705740000
-69.48479120000	-16.65405409000
-78.57542052000	-6.81133752000
-75.25073202000	-11.97157192000
-74.01888378000	-13.92052229000
-76.54828715000	-7.49179102000
-76.86603953000	-9.90842165000
-77.61992534000	-11.10080454000
-78.09662965000	-7.84444440000
-75.42689202000	-11.80445440000
-75.23916994000	-12.06797240400
-74.15856782000	-13.02520630000
-74.28442702000	-13.71814353000
-76.95364998600	-11.67652998000
-75.68448333300	-13.07262166700
-73.97408265000	-13.71769653000
-72.13421998200	-15.70929998300
-78.91909250000	-6.49417358000
-76.18029590000	-12.38188366000
-71.75433998100	-15.98026998300
-79.38452777000	-5.24909340000
-74.63261003000	-12.96924941000
-75.20926114000	-12.10090403000
-69.84189333300	-15.24100000000
-75.66184915000	-13.61833079000
-74.05933166700	-13.75006500000
-77.12356166700	-10.54695333300
-73.01052902000	-13.69546278000
-71.65068408000	-13.49855885000
-73.52769740000	-13.82999503000
-74.19076352000	-13.71787866000
-72.48668489000	-16.09466941000
-77.88257690000	-6.15787115000
-77.28663651000	-8.46322789000
-74.96172900000	-12.77248400000
-75.91460740000	-12.06978803000
-75.19844402000	-12.06985191000
-79.10386366000	-8.10398918000
-77.78249166700	-9.78642333300
-74.99422175000	-12.55438428000
-77.97832403000	-8.33775740000
-75.82635628000	-12.91297352000
-72.98932615000	-13.44685266000
-71.96226500000	-13.63865166700
-74.19744077000	-12.83218091000
-75.56548278000	-12.53049352000
-77.20155902000	-9.47971715000
-70.33290651000	-17.32400878000
-76.24715656400	-9.89788654100
-74.05306339000	-15.63027741000
-76.44278166700	-11.55977166700
-76.13939333300	-12.29733166700
-72.80750390000	-14.30054504000
-77.22072424000	-11.49615947000
-78.50010166700	-7.74775500000
-78.73608340000	-5.19707564000
-77.48426922700	-9.61767396200
-77.18398115000	-9.40196064000
-76.18411166700	-10.43776833300
-74.94634777000	-12.33092765000
-75.63144333300	-11.50248666700
-75.48295666700	-11.80601166700
-79.62866840000	-5.52148167000
-77.83435453000	-9.91769578000
-71.64067383000	-13.69011916000
-76.26043789000	-12.06832766000
-72.28353500000	-13.40436500000
-76.41106002000	-11.48940778000
-75.53089880000	-11.23435876000
-75.26583802000	-12.38346003000
-78.36331840000	-6.79374215000
-78.45025127000	-8.30334864000
-77.03128998600	-10.19282997800
-77.86352540000	-9.01455852000
-69.74707166700	-15.02057500000
-77.41044972000	-10.92246724000
-75.27615500000	-13.53627833300
-77.70776878000	-9.88911990000
-73.60784102000	-14.04346166000
-75.95851833300	-11.66355000000
-77.84581803000	-8.91086065000
-77.30892314000	-8.17577202000
-77.55399477000	-8.52647615000
-77.47852666700	-10.25376000000
-75.17855542000	-12.42404207000
-77.42500366000	-8.88549665000
-77.55914998700	-10.08860997800
-72.53126621200	-13.99202975700
-76.36005907500	-11.00240516800
-74.65163714000	-12.90936292000
-72.78669000000	-14.70820500000
-77.59537765000	-7.99757490000
-72.50544352000	-13.02576466000
-69.29948877000	-15.17958304000
-75.35078000000	-13.59984833300
-75.22085600000	-12.11742200000
-70.50660833300	-13.02279833300
-75.47853503000	-11.76861116000
-77.32246398900	-6.47275634600
-75.62268666700	-6.57694000000
-76.03394815000	-13.71629040000
-69.60008539000	-11.48777254000
-75.73071560000	-14.05810929000
-78.08700490000	-7.36641052000
-70.42030477000	-16.32888529000
-71.71276000000	-15.60826666700
-80.85900591000	-4.75944527000
-74.22715833300	-12.97070666700
-76.93316000000	-11.27187666700
-73.27421952000	-14.12871240000
-70.47190753000	-17.36640078000
-69.62361027000	-16.08700792000
-79.88922129000	-6.47169114000
-71.34467717000	-17.65113750000
-78.24947093000	-5.24371911000
-76.36246895000	-13.02968883000
-75.25235187000	-7.10391388000
-70.11162476000	-13.02582641000
-79.36222040000	-6.28967839000
-69.74446166700	-15.02523166700
-70.54328706000	-17.79214298000
-77.56542974000	-9.57261679400
-72.93861045000	-3.85853904000
-75.23506973000	-11.89291360000
-77.99077678000	-6.25634265000
-73.40412998300	-13.17064998100
-69.57741764000	-10.94494366000
-74.46007928000	-9.55063091000
-73.45479364000	-3.81879514000
-72.62054730500	-15.86284653600
-75.39844166700	-8.95678166700
-72.09225019000	-16.99856694000
-70.98940500000	-17.88385666700
-70.30292915000	-13.91998654000
-75.01738998500	-12.48803998000
-76.49984139000	-9.89518165000
-76.64294040000	-9.49869827000
-71.56493173000	-16.43883818000
-78.78418532000	-5.77444407000
-78.26017005000	-5.95355970000
-77.60906551000	-9.43068153000
-75.58302428000	-11.77998152000
-74.45835998300	-15.52384998300
-75.50306265000	-11.76736678000
-79.81044998900	-6.41716997500
-78.01313477000	-5.97050190000
-76.22063865000	-5.24841789000
-73.71215260000	-4.77331452000
-76.83279390000	-6.19248202000
-79.56196840000	-7.33196990000
-78.40991352000	-7.33178740000
-77.04390448000	-12.07673355000
-74.21272513000	-13.15741681000
-79.80077240000	-4.59023415000
-76.71007977000	-9.22919490000
-76.67126203000	-10.04281890000
-78.04137166700	-6.92440333300
-76.09369413000	-8.96745880000
-70.31394228800	-14.98100781500
-78.17706739000	-6.93630639000
-79.88018500000	-6.72646900000
-71.51606054000	-16.41025905000
-78.05443602000	-7.30309589000
-73.32798152000	-13.88194191000
-72.74311998200	-16.59649998400
-78.07260000000	-7.19856400000
-72.89834564000	-14.44481253000
-76.32564665000	-6.60597753000
-76.73082790000	-7.19740890000
-74.43978051000	-13.02071091000
-78.50810928000	-8.10650440000
-69.49390000000	-16.22240000000
-70.28236590000	-15.49167805000
-77.80956000000	-6.08181000000
-75.95923166700	-11.08274000000
-73.20058690000	-14.12857128000
-73.27253102000	-13.53548891000
-69.25094500000	-16.82271500000
-73.67898077000	-12.67297704000
-73.10929000000	-13.68785000000
-71.41628372700	-12.93040825200
-71.35554176000	-14.61640354000
-80.70973778000	-5.36785727000
-76.34432090000	-6.49449665000
-80.98244866000	-4.76290840000
-71.16291998100	-16.82714998400
-78.92403222000	-5.40194122000
-80.55354675000	-3.62017035000
-78.70391841000	-7.92046302000
-79.04843240000	-8.05967765000
-79.15686027000	-6.87621202000
-80.86417515000	-5.11697453000
-77.74056666700	-6.52472500000
-71.83130666700	-16.41573500000
-77.76285890000	-9.60725440000
-78.28200492000	-6.72322238000
-80.11309268000	-5.24491976000
-77.64111599000	-9.75377289000
-76.96468502000	-12.06960403000
-76.27033403000	-8.98056253000
-75.89393768700	-11.64159165000
-77.88457078000	-8.63710577000
-78.43330740000	-5.60829964000
-77.10838744000	-12.07456344000
-77.05902998600	-10.29688997900
-77.20503139000	-12.09037354000
-78.58171594000	-6.22788971000
-75.69002866700	-14.03200469900
-80.73766390000	-5.39974927000
-79.84803340000	-6.79562514000
-70.37141600000	-18.25564000000
-69.61098027000	-12.78595915000
-77.89462816000	-8.24742452000
-76.67217414800	-11.53547763400
-75.69801827000	-5.24825339000
-76.34943228000	-12.09715841000
-78.69705683000	-6.56881424000
-79.66225700000	-5.17433400000
-76.51996333300	-6.47694666700
-71.85199318000	-13.28624068000
-79.89824766000	-6.61440790000
-72.76420627000	-13.88246154000
-70.46733289000	-15.21999779000
-76.83330853000	-11.16117403000
-77.91339264000	-6.09357515000
-80.41971490000	-4.61956764000
-76.36301502000	-12.15710590000
-71.28177777000	-14.44475305000
-75.00008726000	-13.83081592000
-74.86814639000	-14.26786279000
-75.60027489000	-12.45145503000
-78.99363597000	-8.11066612000
-72.03549718000	-12.99355008000
-71.69400833300	-15.40202000000
-75.04712340000	-12.56886678000
-72.43830732000	-3.60560448000
-80.29170528000	-4.77264852000
-69.16431277000	-12.53174640000
-78.84700234000	-5.60043183000
-71.14719264000	-14.45436691000
-77.78212000000	-6.70907666700
-74.65207166700	-14.71748000000
-75.45590333300	-11.87967666700
-77.90809103000	-6.28742252000
-77.07458795000	-12.04706230000
-77.62346666700	-6.48290166700
-72.50114697000	-13.46459774000
-69.59514302000	-13.91814128000
-77.03109060000	-12.08251303000
-75.76583578000	-12.83550340000
-74.85230253000	-13.06691878000
-71.66230920400	-14.35661681100
-78.41616077000	-7.20806365000
-77.59522048000	-10.09410868000
-70.99580166700	-14.99656333300
-77.29054703000	-8.92069390000
-77.03063328000	-9.07629452000
-78.78022590000	-6.93896853000
-78.03092065000	-8.52574052000
-76.83136833300	-9.61243666700
-75.03122586000	-14.31913458000
-74.62605657000	-11.40433530000
-77.25906000000	-10.33914000000
-75.21307000000	-14.55665000000
-74.02793325300	-12.43482064200
-75.59467303000	-11.80560142000
-70.55411926000	-16.31675578000
-77.44287195000	-8.98064335000
-72.11259189000	-14.31417554000
-71.92121265000	-15.98995804000
-81.27951116000	-4.45779114000
-74.45159040000	-12.67354016000
-70.89524666700	-17.65151833300
-74.83967833300	-15.51209833300
-77.55773128000	-6.38137827000
-77.85528652000	-7.08628115000
-77.98864377000	-6.39581852000
-78.08250365000	-6.19471977000
-78.40048040000	-6.15528753000
-75.70352002000	-14.09183982000
-78.48939304000	-7.07359159000
-73.76628000000	-13.33943333300
-74.19556010000	-13.55749703000
-77.07753366000	-12.00274199000
-81.11801415000	-4.17144515000
-74.42885540000	-14.44462241000
-77.38887374000	-8.92072709000
-73.24972064000	-13.91715615000
-73.88006940000	-13.21337652000
-76.17762114000	-13.02597178000
-74.27996576000	-12.83596879000
-76.67394340000	-11.91991169100
-76.87159472000	-12.23965486000
-78.01895000000	-6.13881166700
-78.06372802000	-6.15299215000
-75.94423826000	-9.21729530000
-71.75458166700	-15.65912000000
-70.79847500000	-14.74920500000
-78.21587474000	-8.88679750000
-72.50616000000	-15.67781166700
-78.53817000000	-8.04506166700
-72.57987833300	-13.13164833300
-70.51494482000	-13.92097383000
-75.66245528000	-12.96905566000
-70.36090540000	-12.91001628000
-71.89753333300	-15.51278500000
-78.70666282000	-7.20272726000
-79.28694590000	-7.93822152000
-77.06125525000	-12.10413242000
-72.25730628200	-16.31423525800
-76.60960000000	-12.71730000000
-77.61762578000	-9.90875265000
-72.57112829000	-14.25100887000
-74.39254901000	-8.52431619000
-77.21765333300	-10.61222333300
-80.95808891000	-4.17572103000
-77.68229189000	-9.22868428000
-77.13465166700	-10.34601333300
-77.57290936600	-4.77134665600
-75.15053514000	-12.55414040000
-71.35890272000	-12.83618166000
-79.74578203000	-6.60631265000
-75.34566922200	-12.01535617000
-70.53425964000	-15.99098166000
-74.75956145000	-6.20431130000
-72.13008665000	-14.07731441000
-71.03659702000	-14.36167004000
-72.66452667000	-12.96330224000
-72.16000333300	-13.36803500000
-77.48477700000	-10.11059000000
-77.87368240000	-7.61093353000
-73.33147998300	-15.12168998300
-71.09165946000	-13.57194426000
-76.30494128000	-11.48657679000
-77.54255805000	-9.34663216000
-74.42484539000	-12.83269803000
-80.69468227000	-4.61466064000
-75.56775690000	-11.78235328000
-75.16816011000	-15.36215035000
-76.53677615000	-10.00002391000
-77.96736051000	-6.42981940000
-74.32194500000	-13.55067166700
-75.95244603000	-9.49509950000
-71.49952708000	-16.40676833000
-73.16293998300	-16.21875998300
-76.69974365000	-9.60537453000
-76.37600377000	-12.21535929000
-77.49763240000	-6.39091940000
-74.93503652000	-12.53496266000
-77.78150140000	-6.60563440000
-78.66647790000	-7.76362527000
-77.11354552000	-9.35031752000
-73.48723339000	-9.07422090000
-75.40350998400	-11.75289997900
-75.36673215000	-11.78043079000
-77.76755028000	-9.21578465000
-75.36220300000	-11.87517700000
-70.82507998100	-16.43735998400
-80.25141477600	-3.69472234500
-78.23598142000	-7.29986445000
-77.84519677000	-8.98096378000
-76.36042803000	-11.78060215000
-74.36875924000	-11.22094580700
-72.73851622000	-3.36808360000
-73.11260000000	-11.63921000000
-71.88530333300	-17.10417500000
-77.11957644000	-11.85059562000
-72.62624899000	-14.14291826000
-80.80244340000	-5.15132465000
-78.25488787000	-6.63230493000
-77.42163915000	-6.49693128000
-79.29749491000	-6.49462152000
-76.90132027000	-9.38371090000
-77.08410416000	-9.07522240000
-75.33017403000	-11.94526052000
-79.00991053000	-8.17527602000
-79.84847166700	-6.59504000000
-69.59670000000	-15.36250000000
-76.04091627000	-9.90879565000
-77.55018853000	-6.28980265000
-75.44886719000	-11.74041643000
-77.97189088000	-8.10476852000
-71.51223500000	-16.50434500000
-72.00451642000	-17.02051299000
-75.48992160000	-13.35417746000
-77.93359514000	-8.09928803000
-75.22757166700	-11.42167833300
-79.87610600000	-6.87532300000
-79.81032300000	-4.62541400000
-77.80406816000	-6.64382865000
-76.40031000000	-9.36748166700
-70.95578338000	-17.42162191000
-76.39336467500	-6.48277691900
-73.88148515000	-14.04248817000
-78.09270979000	-9.23598556000
-76.09055764000	-11.48434941000
-77.04745752000	-4.76266515000
-80.17647927000	-6.60444052000
-79.95950294000	-5.17053842000
-71.44239927300	-14.07599707200
-79.73955991000	-6.27403706000
-75.14275976000	-12.45050215000
-76.97673484000	-6.05395626000
-70.13386166700	-14.51575833300
-75.42307333400	-11.83042974400
-75.47098478000	-11.84605654000
-77.33855333300	-8.90868666700
-79.15907000000	-5.15815000000
-78.32474910000	-7.20865883000
-79.24058666700	-6.93852500000
-74.43606372000	-2.05288224000
-74.99653552000	-14.84887353000
-73.73373677000	-4.60109380000
-77.04487000000	-10.88599666700
-78.36149977000	-9.17793452000
-75.07292688000	-8.71319018000
-70.30745833300	-15.24039500000
-72.69862998200	-16.54946998400
-79.10231577000	-7.00393265000
-77.83502378000	-5.22568231000
-78.74271276000	-6.74359930000
-76.13520500000	-10.86325500000
-79.45123190000	-6.91255952000
-77.34050990000	-5.96577915000
-74.73239452000	-8.10192190000
-75.31366166700	-11.88187500000
-78.53104362000	-9.12204173000
-76.33714268000	-12.99015744000
-75.22569833300	-12.76532833300
-76.29643688000	-8.51996940000
-70.74953577000	-14.36156404000
-75.06315900000	-12.33066000000
-76.70483727000	-9.88949827000
-78.21189003000	-6.23788752000
-74.74600166700	-14.37329666700
-72.36299000000	-12.94745333300
-71.42841326000	-13.68159531000
-73.13437166700	-16.27651000000
-71.20103666700	-15.00265833300
-74.94147166700	-14.02163666700
-77.42131490000	-10.42195415000
-75.65944914000	-14.36460648000
-78.10669914000	-6.38588553000
-70.92025333300	-15.05075500000
-70.51907551000	-13.88733767000
-72.29924551000	-13.21353741000
-68.99167390000	-16.24273041000
-77.46167539000	-9.65232740000
-79.76048469500	-5.94475327100
-71.71927333300	-14.25689833300
-76.24139602000	-12.56604715000
-70.98783000000	-16.64797666700
-77.37918278000	-6.47774565000
-76.24093000000	-10.99269833300
-77.04112652000	-8.10051678000
-73.67534833300	-13.41362500000
-72.27775833300	-15.11847500000
-75.35341064000	-11.97308452000
-73.39570000000	-13.26227500000
-72.41405202000	-14.36164140000
-70.47109500000	-14.75425833300
-74.70335990000	-14.44436192000
-78.58019940000	-7.92721577000
-78.18490597000	-7.13677531000
-75.41128971100	-10.56378294700
-73.18506486000	-15.17916136000
-76.77720551000	-10.60690178000
-79.25197477000	-6.81162564000
-75.53805500000	-11.68477500000
-79.67296421500	-5.01608082400
-79.46940153000	-7.19640789000
-73.36886500000	-14.95168666700
-76.07754840000	-12.89042578000
-76.70522214000	-11.16107941000
-79.56491514000	-7.39635502000
-74.21973264000	-13.06659985000
-71.95203138000	-13.71696867000
-78.39413833300	-6.58048500000
-77.00487300800	-10.97967885600
-76.83251200000	-12.20988300000
-72.91017592000	-14.23991260000
-75.68765478000	-14.14303377000
-74.41362952000	-12.53396616000
-76.87724382000	-10.81678377000
-76.89709333300	-9.79770333300
-70.12394914000	-17.86359479000
-76.90307050000	-7.15689605000
-76.97393666700	-10.19793000000
-73.03641389000	-13.61879065000
-71.33551038000	-17.61806853000
-79.90009540000	-6.46928182000
-73.30162268000	-13.61651880000
-75.47262150000	-9.06827547000
-74.78519018000	-8.00100588000
-73.64855833300	-14.03984833300
-79.34131416000	-7.71342290000
-79.93349764000	-4.61981177000
-81.10005877000	-5.08783843000
-76.56770600000	-7.32422733000
-69.73214666700	-17.48177833300
-75.72163666700	-11.31116166700
-75.26094892000	-9.91873690000
-76.23682493000	-10.42298316000
-77.99126940000	-8.24766440000
-71.01139333300	-14.88099666700
-75.21637874000	-14.54346272000
-75.44319007000	-7.28843721000
-73.37851677000	-14.30086954000
-72.58324833300	-15.67333333300
-76.71654703000	-9.79117202000
-77.96689855000	-9.07387181000
-77.80369914000	-8.10441078000
-77.37746998600	-10.07311997800
-80.18387590000	-3.92535165000
-77.88272365000	-9.60592078000
-75.99959333300	-9.89454666700
-75.49541989000	-11.73187103000
-74.55214468200	-11.63512947800
-75.72298353000	-6.28963027000
-80.19639528000	-3.61373078000
-76.15935264000	-14.32041292000
-77.75651952000	-10.51141727000
-78.69048666700	-7.89428000000
-73.48877103000	-15.21321017000
-77.75906290000	-9.99854791000
-74.67706452000	-13.44653317000
-70.79102951000	-15.47576904000
-75.53409833300	-11.83117666700
-75.68959998500	-14.06412998100
-77.56445902000	-7.93653415000
-77.43600615000	-5.77514452000
-77.75435392000	-9.49232757000
-77.58389752000	-9.34773753000
-74.38209464000	-4.61924489000
-81.27337928000	-4.56387302000
-77.42958053000	-8.66923927000
-71.89203628000	-13.71609965000
-76.44495453800	-4.43004457800
-69.65775576000	-14.36234477000
-79.65662528000	-6.72358865000
-72.84084690000	-14.26094767000
-77.69082696000	-7.60864033000
-77.74141000000	-10.67616333300
-76.45530666700	-10.31715000000
-74.72917840100	-12.79018135100
-74.52708978000	-12.53146616000
-70.09618333300	-15.70712333300
-71.51134680000	-16.41987023000
-75.94565000000	-10.73267833300
-76.89875998600	-9.17797997700
-73.37066469500	-15.25603769900
-75.00025990000	-12.21573504000
-71.74600990000	-3.41173501000
-78.15848915000	-7.30255802000
-69.87172000000	-15.03807333300
-75.23610998500	-10.91789997800
-69.63887002000	-14.13836265000
-77.53988639000	-7.93506040000
-70.04727833300	-16.05974166700
-74.84297833300	-10.86773166600
-73.93357227000	-12.31372960000
-71.38902000000	-14.66411500000
-73.05607876000	-13.88044941000
-74.98561998400	-12.16014998000
-76.35275998600	-6.91663997500
-79.81403765000	-6.72202002000
-75.06788500000	-12.44244000000
-75.25796602000	-12.03393267000
-69.48195951000	-16.08642467000
-76.24758439000	-9.99752628000
-71.72788277000	-13.99472616000
-76.25425333300	-6.79255500000
-74.78148166700	-13.68379000000
-79.90877665000	-6.81150315000
-78.82274441000	-6.04652378000
-77.02963453000	-8.97998240000
-76.79810903000	-6.19105665000
-78.46789052000	-6.19075965000
-77.73327678000	-9.59151728000
-71.80493871000	-13.43378781000
-69.41059763000	-16.91948554000
-76.20872052000	-13.69565327000
-77.37661953000	-8.88498102000
-76.80963177000	-7.05384828000
-78.14278015000	-6.49673802000
-79.67612666700	-6.48464166700
-71.28392865000	-13.91795092000
-80.62654749000	-5.19716410000
-69.92144402000	-15.98986367000
-73.12500427000	-14.20340579000
-70.22561606000	-17.99133466000
-71.34434500000	-16.49016500000
-71.30784788000	-16.57565779000
-76.66580864000	-8.10560539000
-77.52124216000	-8.74142965000
-75.62360852000	-11.73902652000
-71.59223152000	-14.04315879000
-73.47519977000	-14.12789378000
-79.24022459000	-6.00705904000
-79.79631327000	-6.81115790000
-69.23156000000	-16.37613000000
-77.02059139000	-9.34709990000
-78.77063965000	-7.99842015000
-72.04341666700	-13.50010500000
-77.16185999000	-6.01386391000
-70.05235930900	-14.44069383300
-75.66442366000	-10.06532547800
-72.39587951000	-14.20165192000
-78.32081902000	-6.27454578000
-76.31548753000	-6.87535415000
-74.45278515000	-12.36190841000
-79.56106836000	-6.82652733000
-79.11515165000	-6.04885314000
-76.07831255000	-8.82111785000
-76.79032998600	-12.47344998000
-72.08874833300	-13.47812666700
-77.79993333300	-9.19679500000
-76.06332123000	-9.07815774000
-77.09508428000	-11.94741861000
-74.49872000000	-10.68165000000
-74.97928447000	-9.34927513000
-74.31775805000	-5.21133582000
-78.93512372000	-6.72242136000
-73.79471313000	-15.21297379000
-73.26329825000	-3.72253226000
-76.86272640000	-9.43587027000
-70.08329714000	-15.98989441000
-71.78158998200	-17.13914998400
-76.82668998600	-12.29620998000
-76.75992998600	-12.35447998000
-76.86576765000	-9.49320452000
-71.16111666700	-16.54944166700
-74.04892333300	-14.75616000000
-70.88746138000	-9.89766866000
-69.95444666700	-15.38444666700
-69.85206702500	-14.99321792700
-75.95177500000	-12.67086166700
-72.31479914000	-2.70181915000
-72.54760000000	-14.83548833300
-73.54923539000	-15.23273267000
-73.05439166700	-15.32447500000
-71.53107890000	-14.36598466000
-72.62688108000	-12.39455778000
-71.48323700000	-16.52457600000
-74.96917478000	-13.91681692000
-80.64668962000	-4.83288606000
-73.82898264000	-13.92057578000
-79.06327415000	-6.27384439000
-79.05366116000	-6.40525227000
-76.86056333300	-10.16535833300
-69.38952166700	-14.45689166700
-73.67632998300	-15.59300998300
-77.46416090000	-8.33755940000
-74.73880922000	-12.45227421000
-75.27761166700	-11.88952333300
-70.26019500000	-17.33412166700
-72.61202833300	-16.66338500000
-69.69679651000	-14.78421380000
-75.19579100000	-11.91668000000
-77.95992527000	-9.40315314000
-76.40514453000	-12.98227403000
-76.13325000000	-12.30927333300
-70.93924333300	-16.77285166700
-77.68508500000	-6.07823000000
-76.22658780000	-12.36245175000
-74.14156640000	-13.06538804000
-77.37907914000	-8.75830866000
-72.22755714000	-14.36627903000
-71.58045352000	-13.88206042000
-78.16998953000	-8.10322077000
-74.76279751000	-12.21639529000
-76.35966715000	-9.89493303000
-75.43593333300	-13.56753000000
-76.65006978000	-9.56356402000
-77.67798965000	-8.52437953000
-77.08326052000	-9.37504552000
-70.34205819000	-3.81942076000
-73.62297047000	-13.55729318000
-77.71839103000	-9.16820190000
-76.77924753000	-9.22705640000
-74.20288090000	-10.72537832000
-79.39533740000	-7.71036815000
-77.78887993000	-5.91754469000
-77.49962928000	-9.72136640000
-79.83290722000	-6.88839341000
-73.79619502000	-5.26095714000
-76.60445300000	-11.93490200000
-75.43243500000	-11.63171333300
-77.03550382000	-12.01858594000
-80.78224000000	-5.46868333300
-75.11865552000	-14.33768767000
-74.84640600000	-11.15410300000
-77.73419000000	-3.82760000000
-73.68263125400	-11.23852662000
-77.23803227000	-6.04844340000
-76.85435352000	-9.85238803000
-74.48987784000	-12.21648067000
-73.59842500000	-13.45825833300
-71.79683977000	-13.74449903000
-76.66435540000	-9.90909552000
-73.25552251000	-2.06051426000
-74.63840614000	-12.76209004000
-69.51411000000	-15.24907000000
-76.49085791000	-6.47131503000
-76.00313736000	-9.31200011000
-73.03115753000	-14.36161979000
-71.50301998100	-16.45661998400
-76.79349615000	-7.13697465000
-71.59696387000	-16.41375586000
-74.18041166700	-13.87819500000
-74.37998998400	-14.85913998200
-72.78642039000	-15.37897692000
-75.76846718800	-13.96906928400
-78.99248391000	-8.17657603000
-74.82489939000	-12.15625078000
-74.77145290000	-12.06788428000
-79.80957335000	-5.39579953000
-79.30695333300	-5.59004500000
-78.59155665000	-8.05423040000
-70.75777833300	-18.07917666700
-70.01642129900	-15.30405711300
-78.47645051000	-9.31903732000
-70.90759723700	-17.18107674000
-72.68291934000	-16.63030742000
-73.68669854000	-12.76276116000
-75.22163540000	-11.97635016000
-76.12602265000	-13.86126741000
-78.66470033000	-6.19363578000
-76.42365177000	-11.99679015000
-70.21875602000	-14.44459091000
-70.15947589000	-15.98987367000
-74.41313539000	-13.06656415000
-73.73382078000	-13.79067242000
-70.91124998100	-15.70422998400
-75.18590789000	-13.52544828000
-76.77079110100	-12.37778714200
-76.49919000000	-11.89668166700
-79.03952589000	-7.44306277000
-78.79912998800	-7.20917997600
-76.99563672000	-12.10902803000
-77.11496654000	-8.74154327000
-77.97150000000	-5.97808333300
-76.09037796500	-13.69139354800
-76.41695500000	-7.01930166700
-77.22105615000	-10.42356566000
-76.37340166700	-11.96480666700
-79.31731273000	-5.77773589000
-77.27461340000	-5.90891515000
-76.31427863000	-10.32747753000
-76.61800063000	-9.99959265000
-76.20696628000	-10.60740365000
-76.28864773000	-9.99367629000
-77.75072500000	-6.22062333300
-73.33029833300	-14.98582500000
-75.24903290000	-13.79506004000
-77.80862333300	-6.64302500000
-70.44700964000	-13.55590966000
-79.08349889000	-7.08579240000
-76.54013261000	-6.93775148000
-78.99378137000	-5.21206419000
-75.21231753000	-13.91723816000
-77.84566090000	-6.38313090000
-80.49007621000	-3.77532627000
-73.32321000000	-15.07100000000
-73.30680000000	-13.65950000000
-75.28820977000	-11.90772616000
-76.12717215000	-12.27558765000
-79.39432166700	-7.36520000000
-75.70105902000	-13.91663365000
-78.86531922000	-5.21292318000
-75.56075688000	-12.06700353000
-76.64739977000	-6.60625102000
-74.33533000000	-13.12103166700
-73.19142500000	-15.21511166600
-79.08415561000	-5.48154016000
-77.62334007000	-8.64153237000
-73.32236787000	-3.89769328000
-79.74465829000	-5.24105065000
-73.17735551000	-13.91792303000
-78.60306666700	-6.15087666700
-76.45262000000	-11.73901500000
-75.27134714000	-12.10003815000
-75.44820333300	-12.07161666700
-80.32622822000	-3.69529404000
-79.27413340000	-6.49704815000
-77.86193839000	-6.49663690000
-76.97638690000	-12.02502334000
-76.95605233000	-12.13744611000
-77.01775352000	-9.22885452000
-70.13719000000	-14.98299833300
-72.16034998200	-16.40953998400
-76.19347000000	-12.12350500000
-71.01097889000	-16.08726967000
-75.84845833300	-13.17732833300
-69.07139850000	-14.20334191000
-75.38411540000	-11.85075228000
-76.10443333300	-12.06683833300
-77.32698827000	-9.07405853000
-78.55303627000	-6.25700165000
-75.28723229000	-10.88865615000
-77.02457815000	-9.60468690000
-74.83281378000	-12.06933107000
-76.81976437600	-6.41813460700
-77.05823851000	-12.00965594000
-76.25720166700	-11.81154500000
-76.52634248600	-11.85278562800
-78.88474489000	-7.08634632000
-77.54602486000	-9.34317800000
-76.82106752000	-11.26755340000
-76.56239666700	-10.27700166700
-73.56734227000	-13.93881803000
-77.20836203000	-10.27779628000
-79.61153577000	-5.39955389000
-74.42434626000	-12.78413190000
-77.17701531000	-9.06901379000
-70.82459410000	-3.94758042000
-76.00528589000	-9.79174215000
-71.34498265000	-14.20102216000
-72.80397040000	-13.52517203000
-75.94537166700	-11.23495333300
-76.61650333300	-11.78018000000
-77.01741103000	-9.38321177000
-76.39641500000	-10.00957666700
-75.48300977000	-11.73385553000
-74.39514952000	-12.63410265000
-75.64677740000	-13.06656054000
-76.20258833300	-12.13076166700
-76.48024998600	-11.46657997900
-73.54431439000	-14.36399291000
-79.38003252000	-7.56267590000
-74.53319878000	-14.26795879000
-76.16967998500	-12.53051998100
-76.52343765000	-10.42207328000
-68.85831289000	-14.20364965000
-76.13438833300	-10.23997833300
-75.37090800000	-11.15027600000
-76.43862964000	-6.38590078000
-71.74347500000	-13.56909000000
-73.70639017000	-13.92115420000
-71.93403102000	-13.52557191000
-78.79195500000	-7.01109166700
-76.25561998600	-13.28806998100
-78.08502127000	-7.71118202000
-74.69280000000	-14.02100000000
-69.48546427000	-14.36400879000
-76.22150253000	-12.15768977000
-71.62073877000	-13.91720742000
-78.60131003000	-8.96571653000
-75.12652833300	-13.00777000000
-73.94181465000	-14.20370166000
-76.25568096000	-10.51163713000
-76.95971826000	-12.03342529000
-76.39575998500	-11.12261997900
-78.10223752000	-6.05830764000
-79.88573740000	-5.07707590000
-75.87258802000	-5.39902989000
-76.54905339000	-11.16147103000
-78.11669553000	-8.10592328000
-76.53067852000	-11.90752779000
-76.63917166700	-12.61008666700
-78.87395166700	-7.29333333300
-76.62487000000	-11.78878500000
-72.07367500000	-16.23810333300
-76.67482990000	-10.94528353000
-70.69219333300	-15.77675500000
-77.59121900000	-11.11936100000
-73.50845333300	-13.65691500000
-76.77152998600	-12.40473998000
-76.13378477000	-9.85248515000
-72.12324166700	-16.51665333300
-73.74342620400	-12.69343577200
-76.32105028000	-8.63400590000
-75.32410828000	-11.86703141000
-76.92480143000	-11.68132295000
-75.94187750000	-11.55089573000
-72.63134264000	-13.02580441000
-75.70106952000	-14.26784352000
-76.21138865000	-11.99971903000
-79.20338090000	-7.93387152000
-77.35332377000	-8.46151903000
-77.42726998700	-10.49193997800
-75.35075928000	-13.91754291000
-78.18852589000	-8.33936252000
-74.48525315000	-13.91717453000
-73.65807700000	-14.12253900000
-74.30406662000	-13.06484238000
-70.23592333300	-15.09755000000
-74.96767500000	-14.03566166700
-77.01565246000	-12.15529647000
-74.89983690000	-12.32986154000
-76.49322026000	-11.97923503000
-74.29531713000	-12.73829615100
-79.89177227000	-5.08246089000
-74.55694998400	-11.97971998000
-76.07579063000	-9.05827520000
-75.08951264000	-13.55624617000
-78.83441136000	-6.25965470000
-76.46411302000	-12.37681866000
-72.07470702000	-14.44433978000
-74.46615166700	-13.09111333300
-77.95809402000	-8.81761677000
-79.63445500000	-6.81215000200
-73.41227452000	-14.35444090000
-75.25708855000	-11.95187888000
-75.11804552000	-12.07715090000
-79.91896897000	-4.75787244000
-76.92581308000	-6.88850900000
-73.59827574000	-4.76995580000
-73.44463666700	-15.26229000000
-75.30939252000	-6.60488090000
-74.44728439000	-13.71643454000
-77.89323914000	-7.93749527000
-77.75031402000	-7.71049528000
-74.77764100000	-11.19430100000
-76.20106151000	-6.72333127000
-78.91659716000	-6.69066772000
-73.75925065000	-13.69549604000
-75.48397653000	-11.79741016000
-77.13787652000	-11.16236453000
-78.40590228000	-7.61007152000
-73.21228000000	-15.31085500000
-71.84605833300	-13.56045833300
-74.50527790000	-13.06519540000
-80.84603228000	-6.07303153000
-72.91811103000	-11.16143328000
-79.04107333300	-6.62398000000
-76.08514265000	-7.08790477000
-76.57758089000	-6.38569178000
-76.27477998600	-6.60732997500
-76.70027241000	-6.50077728000
-77.61598900000	-9.22795714000
-78.06582615000	-5.91420828000
-76.83579500000	-9.77145000000
-77.10526602000	-8.46632515000
-77.82625964000	-9.37921540000
-71.57663833300	-15.34199166700
-75.28060998500	-12.05319997900
-79.78187278000	-4.54964064000
-77.51790264000	-8.64277277000
-71.10608941700	-14.26817154400
-77.60833640000	-8.52770314000
-76.79219928000	-9.77498440000
-78.75556941000	-7.94228190000
-76.49100652600	-10.78558378300
-69.26305415000	-14.36363404000
-75.56547364000	-11.97137179000
-76.81215327000	-9.43106580000
-78.83389153000	-7.76098065000
-77.68761377000	-7.99684065000
-77.97095827000	-7.49306139000
-70.20158166700	-17.39467833300
-74.07932339000	-12.63417716000
-71.52823586000	-16.47716730000
-74.25039539000	-13.21355878000
-78.69294714000	-6.29172173000
-77.78254965000	-6.29359603000
-77.75615052000	-6.15863703000
-79.38343065000	-5.51913128000
-79.44807059000	-5.38682241000
-73.78921065000	-6.49837527000
-73.71903652000	-14.26079004000
-73.29767352000	-14.15094728000
-77.09728752000	-6.27404027000
-78.28254333300	-6.91752000000
-75.75239973000	-14.04349782000
-77.68791998700	-9.85254997800
-78.22001414000	-7.05423178000
-75.95573833300	-11.77368000000
-80.53767552000	-4.77396152000
-76.83683402000	-11.41713791000
-76.13931457000	-13.42385279000
-77.52376483300	-10.82029603800
-77.71235168000	-10.78502005000
-76.42713000000	-11.87614666700
-74.66404538000	-12.06884217000
-77.00928169000	-12.11505997000
-70.05745666700	-17.12313833300
-71.57688166700	-14.91594666700
-79.91905328000	-4.56388752000
-79.25583877000	-5.32207782000
-76.60517989000	-6.38164989000
-78.61805591000	-6.39725690000
-70.24912369000	-18.00664213000
-69.39290264000	-11.48998904000
-73.94600644000	-9.87760887000
-73.47147000000	-13.68578000000
-80.94155903000	-4.88900502000
-74.15804165000	-13.21358441000
-74.00820000000	-12.89741000000
-76.18457828000	-13.44644554000
-80.23692528000	-4.77050839000
-72.26594189000	-13.91818991000
-68.88793952000	-12.53071828000
-72.91423802000	-13.55600630000
-75.99340040000	-12.06853891000
-76.72409833300	-9.36393166700
-75.64294140000	-13.06669916000
-78.94423440000	-7.30030077000
-77.58119989000	-9.99961578000
-73.10879333300	-14.14281333300
-71.92069973400	-15.25432076400
-74.08409564000	-6.00397664000
-75.55063252000	-11.48778593000
-76.46173833300	-10.41860833300
-69.95213228800	-15.34884781600
-76.36459340000	-6.49469927000
-69.74066833300	-17.42092833300
-71.90299000000	-13.44001166700
-77.55023717900	-9.40803864500
-75.82285039000	-11.48588828000
-70.00680998000	-17.49668998500
-75.71030055800	-14.14834991800
-77.99773265000	-8.51017490000
-73.22806014000	-15.37908092000
-77.40865003000	-8.31700289000
-76.18788176000	-12.60047578000
-77.20085040000	-8.33716128000
-75.97013438000	-6.04218078000
-74.12489469000	-1.03628407000
-71.58746582800	-16.45551946200
-75.19185364000	-14.18424566000
-70.02261997900	-17.43463998400
-77.46885565000	-9.78854702000
-76.15857500000	-10.50415166700
-77.19795833300	-10.26190333300
-75.43459857000	-13.37038441000
-74.34303253000	-4.24115628000
-69.35737833400	-15.50008166700
-77.67052833300	-9.27434166700
-77.95629166700	-6.40242500000
-76.25979764000	-6.92349602000
-76.63376690000	-7.08474603000
-68.96198729000	-16.19852605000
-71.37607338700	-14.18014656300
-73.15226314000	-13.91627865000
-74.51810000000	-12.19690000000
-76.21035666700	-10.73859833300
-72.50346998200	-15.72348998300
-70.22585625500	-15.98606563100
-70.43181965000	-14.90543954000
-71.19891166700	-15.12334500000
-76.48801365000	-8.45965228000
-79.40564500000	-6.51927833300
-75.67854500000	-12.05925333300
-76.19027743000	-10.03287277000
-72.84435414000	-15.17917778000
-78.81914500000	-6.72881833300
-70.73390469000	-17.12119804000
-73.31148713000	-14.06825828000
-78.70249053000	-6.04309102000
-73.07349640000	-15.49180079000
-74.64457590000	-1.63808852000
-77.45602552000	-6.49545577000
-74.54874998400	-13.55857998100
-74.99819927000	-9.01431053000
-75.24751302000	-12.10000178000
-76.14716415000	-6.79155340000
-77.97605451000	-6.15818940000
-74.71361111100	-3.78500000000
-79.02054015000	-8.10432040000
-79.83292875000	-6.49647844000
-79.69048341000	-6.79523328000
-73.47038065000	-13.85683729000
-78.66277001000	-6.92586535000
-80.41470804300	-3.54847201800
-75.61115166700	-11.68860833300
-71.53633940000	-14.14312580000
-76.14431939000	-13.71742217000
-75.82968978000	-12.76283678000
-72.63933989000	-14.18383979000
-73.44999777000	-13.83126940000
-71.57012166700	-15.42574833400
-70.87793800000	-16.40448600000
-76.48602401000	-8.51778103000
-77.78738240000	-7.08453414000
-71.63245000000	-16.42808166700
-74.13952500000	-12.72030833300
-76.94471989000	-9.22085277000
-77.83598564000	-7.17327965000
-75.93665827000	-10.92438103000
-70.69508840000	-14.84706328000
-76.02618539000	-9.90731937000
-68.94928166700	-16.24175500000
-79.02765615000	-7.08516502000
-72.44464440000	-15.70575180000
-73.41475166700	-14.82352000000
-72.46686000000	-16.20757700000
-73.63413615000	-13.69557747000
-75.06159065000	-4.76087765000
-71.61274754000	-13.66683194000
-77.36811664000	-8.33869740000
-72.10379000000	-13.27908000000
-69.95345065000	-14.20329866000
-78.38772166700	-7.83676000000
-78.03631500000	-6.92363000000
-78.79398930000	-6.60659667000
-77.91020215000	-6.04824739000
-75.25983579000	-6.91811121000
-77.64793402000	-10.94493915000
-80.68745999000	-5.20219997300
-76.80840998600	-11.25832997900
-71.92219651000	-14.56805171000
-77.15073411000	-11.87301477000
-76.22187833300	-10.83304666700
-80.94187477000	-5.44087477000
-81.12840527000	-4.87972028000
-79.04826815000	-8.13895240000
-70.59083189000	-15.17945454000
-75.18447666700	-12.46052333300
-72.78744053000	-13.02556128000
-74.75872333300	-13.63915333300
-74.01057833300	-13.69284500000
-76.95097683000	-12.18800313000
-73.52349164000	-12.98484916000
-76.91339243000	-12.21352809000
-75.32896755000	-10.76441433000
-73.47405486000	-13.02906440000
-70.27536833300	-15.79619166700
-69.50697666700	-15.11094166700
-74.37306702000	-13.21354379000
-75.82651327000	-12.89038554000
-75.21383840000	-12.15763328000
-72.51348500000	-15.69160500000
-78.84529402000	-8.49576240000
-72.63402127000	-14.34352404000
-74.04050964000	-13.55721953000
-77.24230586200	-6.19708211900
-75.87112127000	-12.15700004000
-75.33464808000	-11.21011003000
-71.97317488000	-16.55537980000
-74.11858041600	-12.22872658100
-71.93940084000	-13.53376686000
-76.47259703000	-9.90514677000
-70.64881500000	-2.41524666700
-79.80914861000	-5.17022794000
-77.98051752000	-5.62575003000
-78.57393998800	-6.04490997400
-77.84884140000	-8.60613214000
-73.15466138000	-14.20351204000
-76.16227421700	-10.59539761100
-76.52751833400	-10.62616833300
-71.54673437000	-16.39372768000
-69.07188301000	-14.34350154000
-77.40148166700	-9.01262500000
-71.40864401000	-14.26790216000
-73.08284000000	-15.73062166700
-76.72874453000	-9.74812878000
-72.16547515000	-12.77625972000
-71.39024541900	-15.79567589400
-77.03319340000	-5.97406465000
-73.22940053000	-5.25948964000
-71.47570998100	-16.60916998400
-74.59606144000	-8.33555491000
-76.47187666700	-9.99844666700
-74.52782500000	-15.67901500000
-75.41598333300	-14.18914666700
-74.87080500000	-12.84514500000
-71.89254500000	-13.61818166700
-77.99207153000	-9.49461539000
-77.21503777000	-9.07415765000
-76.00329465000	-12.45158702000
-78.82041720000	-6.69051833000
-71.79753240000	-4.41319953000
-79.27692216000	-7.28351565000
-77.16474541000	-6.19391652000
-72.07802998100	-13.31434998100
-70.67578300000	-16.23129800000
-77.60303092000	-9.38443968000
-77.69411590000	-9.11249627000
-69.05617634000	-16.32593522000
-77.95830141000	-8.61797127000
-71.65177364000	-16.34262293000
-77.70713000000	-8.75617000000
-77.22665814000	-5.96454314000
-76.21248452000	-6.05679891000
-73.05674752000	-9.90475190000
-74.89073724400	-9.60500669300
-76.51276176000	-6.60755252000
-80.26883402000	-3.50847965000
-69.17051000000	-16.61146000000
-80.68718366000	-3.81780091000
-76.04033215000	-12.83136390000
-72.25768738000	-13.44710279000
